Top 20 positive features:
refreshing: 3.4183530899980963
remarkable: 3.4023857752025974
powerful: 3.2179153408652317
hilarious: 3.1667295388023837
beautiful: 2.9933515789647323
wonderful: 2.9694111289949907
prose: 2.8893523476018195
terrific: 2.8534997153476156
appealing: 2.848798757574554
enjoyable: 2.7999743486801005
treat: 2.7976125418844493
charmer: 2.748932336661972
vividly: 2.7080253139003205
likable: 2.676807453689966
solid: 2.6398789709031116
charming: 2.637123865681571
fascinating: 2.619398820887023
half-bad: 2.590155098674143
impressive: 2.589285355844345
intriguing: 2.5744625573000293

Top 20 negative features:
lacking: -4.321928650417344
lacks: -4.074074237020616
worst: -4.002384273046832
devoid: -3.641651639941497
mess: -3.5912245009191723
failure: -3.551507689113523
stupid: -3.32958635704196
bore: -3.242323845679721
flat: -3.2204693661348904
depressing: -3.1716905073773063
loses: -3.1575574056296096
waste: -3.151650884561725
lack: -3.051010364837225
none: -3.020568712764147
squanders: -3.0142247441827976
hardly: -3.009893390909777
poor: -2.9736811557877636
pointless: -2.9486572375904556
unfortunately: -2.9336115154086024
lousy: -2.92218387382466
